epoch_global,phase,epoch_in_phase,term_mean,term_median,term_p95,term_max,lr,eta_eff_mean,train_bd,train_res,test_full,cos_m_g,reset_opt
1,full_loss_1,1,0.24050959944725037,0.23918135464191437,0.4027356505393982,1.0099376440048218,0.01,0.002405095994472504,3.7493470191955565,40.7986094156901,5.373545455932617,-0.048095202589686,False
2,full_loss_1,2,0.09747779369354248,0.09451770782470703,0.1698334813117981,0.9716278910636902,0.01,0.0009747779369354248,1.2148477766248915,27.09586016337077,4.615037536621093,0.41526642556826204,False
3,full_loss_1,3,0.04744986444711685,0.041429657489061356,0.09643351286649704,1.172296166419983,0.01,0.00047449864447116855,0.9996024343702529,17.80936262342665,2.9458908081054687,0.5551556961690708,False
4,full_loss_1,4,0.024555927142500877,0.018467096611857414,0.062341123819351196,0.8355377912521362,0.01,0.0002455592714250088,0.7255358431074355,10.955421765645346,1.7648630142211914,0.3679299996092529,False
5,full_loss_1,5,0.017502496019005775,0.009726827964186668,0.056728240102529526,0.8170777559280396,0.01,0.00017502496019005775,0.659564733505249,7.393284426795112,1.4035242080688477,0.8199560474249539,False
6,full_loss_1,6,0.0200770553201437,0.009643993340432644,0.07318770885467529,0.6568142175674438,0.01,0.000200770553201437,0.7166281382242838,4.822755734125773,1.6067306518554687,0.7632479690694498,False
7,full_loss_1,7,0.015136891975998878,0.00785720907151699,0.05285448208451271,0.5997750759124756,0.01,0.0001513689197599888,0.6920184135437012,4.910114235348171,1.3301336288452148,0.5220312168219701,False
8,full_loss_1,8,0.01417617779225111,0.007543455343693495,0.049608003348112106,0.5239835381507874,0.01,0.00014176177792251112,0.6062751981947158,3.478059927622477,1.1496295928955078,-0.05199655372674993,False
9,full_loss_1,9,0.014125640504062176,0.00735539011657238,0.04842822253704071,0.6468504071235657,0.01,0.00014125640504062176,0.5156116962432862,2.604065034124586,1.2280658721923827,0.7605731023125127,False
10,full_loss_1,10,0.013636508025228977,0.007080224342644215,0.04660047963261604,0.7228924036026001,0.005,6.818254012614489e-05,0.5762807077831692,2.397170318497552,1.1453619003295898,0.6757746785204679,False
11,full_loss_1,11,0.014870903454720974,0.007687864359468222,0.051305416971445084,0.7891206741333008,0.005,7.435451727360488e-05,0.34364346398247614,2.023423539267646,1.101285171508789,0.23610652246094518,False
12,full_loss_1,12,0.015421193093061447,0.00835562963038683,0.0523410402238369,0.7072393298149109,0.005,7.710596546530724e-05,0.25334541532728405,1.3625233239597745,0.9393754005432129,0.8113214606758223,False
13,full_loss_1,13,0.013974483124911785,0.00776303606107831,0.04712100327014923,0.6097226738929749,0.005,6.987241562455892e-05,0.27648607624901667,1.2079201340675354,0.9886924743652343,0.6595801130027037,False
14,full_loss_1,14,0.01753302291035652,0.009686681441962719,0.060808174312114716,0.6310953497886658,0.005,8.76651145517826e-05,0.243023063076867,1.092777384652032,0.9628618240356446,0.828574048733598,False
15,full_loss_1,15,0.015932096168398857,0.009103817865252495,0.05381941795349121,0.49954745173454285,0.005,7.966048084199429e-05,0.314447365866767,1.3363480899069045,0.9057985305786133,-0.5157645386938532,False
16,full_loss_1,16,0.01814207434654236,0.009934965521097183,0.06291216611862183,0.6449064016342163,0.005,9.07103717327118e-05,0.26388432449764676,1.010846495628357,0.9049513816833497,-0.3117097109529876,False
17,full_loss_1,17,0.01760382018983364,0.00991710927337408,0.0598762147128582,0.5210903882980347,0.005,8.801910094916821e-05,0.2064978109465705,1.1578699482811823,0.8207722663879394,0.883259716236878,False
18,full_loss_1,18,0.017584674060344696,0.010003658942878246,0.059219978749752045,0.5110931992530823,0.005,8.792337030172348e-05,0.19032007588280572,0.9253793093893263,0.7624622344970703,-0.3693305682108654,False
19,full_loss_1,19,0.016217628493905067,0.009093323722481728,0.054896920919418335,0.8032727241516113,0.005,8.108814246952533e-05,0.18543724219004312,0.8663055300712585,0.7871734619140625,0.2792986998316232,False
20,full_loss_1,20,0.01897113211452961,0.010616349056363106,0.06427663564682007,0.8055937886238098,0.0025,4.742783028632403e-05,0.19243655999501547,0.7309960226217905,0.8018547058105469,0.9163958347555476,False
21,full_loss_1,21,0.01811058446764946,0.010494115762412548,0.060824766755104065,0.45567086338996887,0.0025,4.527646116912365e-05,0.16304406854841444,0.6376616093847487,0.8041868209838867,0.5728328078076651,False
22,full_loss_1,22,0.022992724552750587,0.013132324442267418,0.07780041545629501,0.6089636087417603,0.0025,5.748181138187647e-05,0.16136346326933967,0.585034065776401,0.7328519821166992,0.9183024686892789,False
23,full_loss_1,23,0.017450163140892982,0.010202436707913876,0.05815065652132034,0.4832482635974884,0.0025,4.362540785223246e-05,0.12893939945432875,0.5265260736147562,0.7435003280639648,0.8190668735588896,False
24,full_loss_1,24,0.02194993384182453,0.011974908411502838,0.07559879869222641,0.6375167965888977,0.0025,5.487483460456133e-05,0.131628555059433,0.5230246351824867,0.8017155647277832,0.8523106032491704,False
25,full_loss_1,25,0.01984543539583683,0.01116023026406765,0.06674275547266006,0.6838268637657166,0.0025,4.961358848959207e-05,0.17363121377097235,0.6165405544969771,0.7100120544433594,0.4693469229730366,False
26,full_loss_1,26,0.02188165858387947,0.012079793959856033,0.0746186226606369,0.6041445136070251,0.0025,5.470414645969868e-05,0.14906309644381205,0.5157424145274692,0.7469595909118653,0.6354928590744285,False
27,full_loss_1,27,0.023454125970602036,0.013546220026910305,0.07934165000915527,0.648347795009613,0.0025,5.863531492650509e-05,0.10639937586254544,0.48874253034591675,0.708028507232666,0.9402327937971683,False
28,full_loss_1,28,0.02033296227455139,0.011546275578439236,0.06860922276973724,0.5641853213310242,0.0025,5.083240568637848e-05,0.14166521893607245,0.5501492487059699,0.6653725624084472,0.2356195493898554,False
29,full_loss_1,29,0.025757955387234688,0.014772085472941399,0.08806903660297394,0.532395601272583,0.0025,6.439488846808672e-05,0.10020383993784586,0.5930303699440427,0.7405745983123779,0.7694623829726767,False
30,full_loss_1,30,0.02490963228046894,0.014027426950633526,0.0857781246304512,0.6553947329521179,0.00125,3.113704035058618e-05,0.11788306103812324,0.4791371126969655,0.6803436279296875,0.36818898833340485,False
31,full_loss_1,31,0.021139435470104218,0.012114687822759151,0.07212815433740616,0.6223932504653931,0.00125,2.642429433763027e-05,0.08611931072341071,0.42494966917567784,0.6727027893066406,0.6773141061497232,False
32,full_loss_1,32,0.024807121604681015,0.01451578177511692,0.08386524021625519,0.5616084337234497,0.00125,3.100890200585127e-05,0.08858555489116245,0.4194272839360767,0.6582592964172364,-0.09046124166122059,False
33,full_loss_1,33,0.025756340473890305,0.014858294278383255,0.08766014873981476,0.5512166619300842,0.00125,3.219542559236288e-05,0.10571850405799019,0.4885311490959591,0.6877321243286133,-0.6119415037867504,False
34,full_loss_1,34,0.020273827016353607,0.01151553075760603,0.0687752515077591,0.5791037678718567,0.00125,2.534228377044201e-05,0.07994050449795193,0.3544260462125142,0.6392667770385743,-0.459187129301464,False
35,full_loss_1,35,0.020839562639594078,0.012115564197301865,0.06958098709583282,0.6696208715438843,0.00125,2.6049453299492598e-05,0.10241242580943638,0.4325233068731096,0.6856517314910888,0.3005550611360983,False
36,full_loss_1,36,0.025588037446141243,0.014642362482845783,0.08759115636348724,0.6077431440353394,0.00125,3.1985046807676556e-05,0.09974401262071397,0.4338027271959517,0.675594425201416,0.9000881475093011,False
37,full_loss_1,37,0.02290312945842743,0.013579160906374454,0.07685858011245728,0.6256988048553467,0.00125,2.8628911823034288e-05,0.09763181805610657,0.5123700499534607,0.6576663494110108,0.8042982545096717,False
38,full_loss_1,38,0.024076754227280617,0.014140601269900799,0.08064998686313629,0.7332018613815308,0.00125,3.009594278410077e-05,0.07835959262318082,0.35985320972071755,0.6717165946960449,0.1879163961580007,False
39,full_loss_1,39,0.023877574130892754,0.01373278722167015,0.0808035284280777,0.5290719270706177,0.00125,2.9846967663615942e-05,0.0745201912191179,0.3543180127938588,0.6341691970825195,0.9459257277614566,False
40,full_loss_1,40,0.020079389214515686,0.011857796460390091,0.06642128527164459,0.5082138180732727,0.000625,1.2549618259072305e-05,0.07304538521501754,0.31950220631228554,0.6500067710876465,0.7810546342780051,False
41,full_loss_1,41,0.026175202801823616,0.015414224937558174,0.08811566233634949,0.5647026896476746,0.000625,1.6359501751139762e-05,0.06320724619759453,0.31459373732407886,0.6248243808746338,-0.4124487321852389,False
42,full_loss_1,42,0.028933577239513397,0.01661708950996399,0.09839323908090591,0.7733312845230103,0.000625,1.8083485774695872e-05,0.07162476744916704,0.3310604890187581,0.6473799705505371,0.7900442051678105,False
43,full_loss_1,43,0.026205185800790787,0.01466855127364397,0.09028326719999313,0.6604433059692383,0.000625,1.637824112549424e-05,0.07212884989049699,0.27851905756526524,0.6269196510314942,0.9046856287004799,False
44,full_loss_1,44,0.02114221081137657,0.01258767768740654,0.07039137929677963,0.5123198628425598,0.000625,1.3213881757110358e-05,0.0697311755683687,0.30058818724420333,0.6633612155914307,0.7501763265287067,False
45,full_loss_1,45,0.026172278448939323,0.015552028082311153,0.08742055296897888,0.591712474822998,0.000625,1.6357674030587078e-05,0.06018715269035763,0.31251705355114406,0.6346564292907715,0.6177493144878379,False
46,full_loss_1,46,0.02458779513835907,0.014646250754594803,0.08149797469377518,0.5232756733894348,0.000625,1.536737196147442e-05,0.06492042806413438,0.2979545874728097,0.6425600528717041,0.8421733494888062,False
47,full_loss_1,47,0.027218559756875038,0.016459157690405846,0.09017619490623474,0.5649072527885437,0.000625,1.70115998480469e-05,0.058548024627897474,0.30981288850307465,0.6651911735534668,0.2769612520316163,False
48,full_loss_1,48,0.028930123895406723,0.016832677647471428,0.09704023599624634,0.52312171459198,0.000625,1.8081327434629203e-05,0.06390451259083219,0.2942904101477729,0.6483395576477051,0.5210991488007829,False
49,full_loss_1,49,0.0357951857149601,0.02057132124900818,0.12284745275974274,0.5592323541641235,0.000625,2.237199107185006e-05,0.06436679727501339,0.3090806504090627,0.6590997219085694,0.7098135947260626,False
50,full_loss_1,50,0.029275253415107727,0.017044899985194206,0.09906552731990814,0.53460693359375,0.0003125,9.148516692221165e-06,0.057144549820158215,0.3155974331829283,0.657318115234375,0.19045251861668025,False
51,full_loss_1,51,0.027372533455491066,0.01638232171535492,0.09104011207818985,0.6406985521316528,0.0003125,8.553916704840959e-06,0.05566744738154941,0.3156777537531323,0.6482275009155274,-0.028295221346665927,False
52,full_loss_1,52,0.03318246454000473,0.019375914707779884,0.11221800744533539,0.7223379611968994,0.0003125,1.0369520168751478e-05,0.05241101516617669,0.2882639451159371,0.6531847000122071,0.5098379372464524,False
53,full_loss_1,53,0.029553957283496857,0.01747293397784233,0.09898538142442703,0.7382948398590088,0.0003125,9.235611651092768e-06,0.04357677035861545,0.28002708156903583,0.6443647861480712,0.9554413983849308,False
54,full_loss_1,54,0.03346916660666466,0.019850920885801315,0.11240082234144211,0.6554575562477112,0.0003125,1.0459114564582706e-05,0.055818333228429155,0.3367076516151428,0.6580860614776611,0.3122568626610493,False
55,full_loss_1,55,0.03335536643862724,0.02005648985505104,0.11127782613039017,0.6870291233062744,0.0003125,1.0423552012071014e-05,0.04702445003721449,0.28145142396291095,0.6316514015197754,0.6122268991887649,False
56,full_loss_1,56,0.0323561392724514,0.019327551126480103,0.10906079411506653,0.5420273542404175,0.0003125,1.0111293522641063e-05,0.05262397329012553,0.3039540963040458,0.6469593048095703,-0.24480925890313035,False
57,full_loss_1,57,0.038820523768663406,0.022929826751351357,0.13129206001758575,0.6178914904594421,0.0003125,1.2131413677707315e-05,0.05644587675730387,0.3273456030421787,0.636840534210205,-0.8517501161892332,False
58,full_loss_1,58,0.03632315248250961,0.021082311868667603,0.1239301785826683,0.5719020366668701,0.0003125,1.1350985150784254e-05,0.05401673151387109,0.2538089719083574,0.6426902770996094,0.8739139658967743,False
59,full_loss_1,59,0.027316883206367493,0.01639402098953724,0.09084394574165344,0.5742543935775757,0.0003125,8.536526001989841e-06,0.048864280515246925,0.26508696211708915,0.6360040664672851,0.7862352124813061,False
60,full_loss_1,60,0.028400858864188194,0.017753005027770996,0.09199682623147964,0.5195660591125488,0.00015625,4.437634197529406e-06,0.047760434945424396,0.3093153436978658,0.6328520774841309,-0.6547950081698765,False
61,full_loss_1,61,0.02623550407588482,0.015886783599853516,0.08688955008983612,0.5292953252792358,0.00015625,4.099297511857003e-06,0.046548026469018726,0.291950104965104,0.6360185623168946,-0.38194465038395203,False
62,full_loss_1,62,0.02943284623324871,0.017682047560811043,0.09790189564228058,0.6556397676467896,0.00015625,4.5988822239451114e-06,0.044251118931505413,0.3087282313240899,0.6332352638244629,0.8262375084983329,False
63,full_loss_1,63,0.030084660276770592,0.0186392143368721,0.09763700515031815,0.6987642645835876,0.00015625,4.700728168245405e-06,0.05069348944558038,0.33508579432964325,0.6447277069091797,0.12486981940664087,False
64,full_loss_1,64,0.0342288613319397,0.020625825971364975,0.11438490450382233,0.7151814699172974,0.00015625,5.348259583115578e-06,0.04742686417367723,0.25089960793654126,0.6405982971191406,-0.03615343739416633,False
65,full_loss_1,65,0.028146199882030487,0.016805190593004227,0.09396964311599731,0.6501903533935547,0.00015625,4.397843731567264e-06,0.045657151606347826,0.24507029520140755,0.6362005710601807,-0.18800726496569628,False
66,full_loss_1,66,0.032877177000045776,0.0195904690772295,0.10981540381908417,0.7300544381141663,0.00015625,5.1370589062571526e-06,0.042014069855213165,0.24127392801973555,0.6346786022186279,0.6920372160330133,False
67,full_loss_1,67,0.031804803758859634,0.01948760449886322,0.1045350506901741,0.6564332842826843,0.00015625,4.969500587321818e-06,0.043752873606152,0.26641300320625305,0.6358027935028077,0.5181016161516712,False
68,full_loss_1,68,0.03289973735809326,0.01978514902293682,0.10960037261247635,0.5406465530395508,0.00015625,5.140583962202072e-06,0.045364553398556176,0.2731049623754289,0.634648609161377,-0.07309943821368643,False
69,full_loss_1,69,0.038712117820978165,0.02279951609671116,0.13180993497371674,0.5788993835449219,0.00015625,6.048768409527838e-06,0.04892647200160556,0.28486886454953086,0.6352677822113038,0.8692773317298609,False
70,full_loss_1,70,0.036964140832424164,0.021928487345576286,0.12394888699054718,0.6429778933525085,7.8125e-05,2.887823502533138e-06,0.038807496428489685,0.2668016387356652,0.6449357032775879,0.8484400352580433,False
71,full_loss_1,71,0.02762865275144577,0.016768265515565872,0.09100298583507538,0.5782158970832825,7.8125e-05,2.158488496206701e-06,0.053968958391083614,0.3092161946826511,0.6427555084228516,0.217430852059186,False
72,full_loss_1,72,0.04137484356760979,0.024807583540678024,0.13850636780261993,0.6694641709327698,7.8125e-05,3.2324096537195146e-06,0.0494014581044515,0.35121503803465104,0.6424295902252197,0.9316106307586844,False
73,full_loss_1,73,0.030336834490299225,0.018328318372368813,0.1005585640668869,0.5986876487731934,7.8125e-05,2.370065194554627e-06,0.04934481614165836,0.2794725580347909,0.6423643112182618,0.039016035633812805,False
74,full_loss_1,74,0.0327552929520607,0.0198021549731493,0.10789996385574341,0.6297662258148193,7.8125e-05,2.5590072618797423e-06,0.04195884499284956,0.25120211475425297,0.6425755977630615,0.8862214490064922,False
75,full_loss_1,75,0.030768059194087982,0.018930204212665558,0.10069110244512558,0.6049483418464661,7.8125e-05,2.4037546245381237e-06,0.047085809707641604,0.2739822831418779,0.6444451332092285,0.7635232039265855,False
76,full_loss_1,76,0.04066390171647072,0.024686656892299652,0.13440732657909393,0.711786687374115,7.8125e-05,3.176867321599275e-06,0.04787556727727254,0.3014661371707916,0.6393587112426757,0.9543493187488796,False
77,full_loss_1,77,0.03954904153943062,0.02409152127802372,0.13102366030216217,0.7139301300048828,7.8125e-05,3.0897688702680173e-06,0.046254593133926394,0.3022194008032481,0.641986894607544,0.6127696928825074,False
78,full_loss_1,78,0.029313432052731514,0.01811649650335312,0.0955008938908577,0.5359691381454468,7.8125e-05,2.2901118791196496e-06,0.050306612584326005,0.3267135305537118,0.6439245223999024,-0.6710769414466418,False
79,full_loss_1,79,0.048444438725709915,0.02928321063518524,0.16139617562294006,0.7191113829612732,7.8125e-05,3.784721775446087e-06,0.04667671885755327,0.2637954850991567,0.6381560325622558,0.3451689623369596,False
80,full_loss_1,80,0.03210492059588432,0.01985478587448597,0.10522555559873581,0.5476084351539612,3.90625e-05,1.2540984607767314e-06,0.0487022469441096,0.3021923816866345,0.6446968078613281,0.028071052319946683,False
81,full_loss_1,81,0.03854888305068016,0.02305270917713642,0.12834037840366364,0.6454278230667114,3.90625e-05,1.5058157441671937e-06,0.0406587345732583,0.29142120480537415,0.645222282409668,0.35981139893919617,False
82,full_loss_1,82,0.04141218587756157,0.024958476424217224,0.13805074989795685,0.7759088277816772,3.90625e-05,1.6176635108422489e-06,0.04412740965684255,0.2614727069934209,0.6420469284057617,0.058047435837380965,False
83,full_loss_1,83,0.033354684710502625,0.020657707005739212,0.109092578291893,0.5475249886512756,3.90625e-05,1.3029173715040088e-06,0.04346318244934082,0.2549113829930623,0.6412786483764649,0.8443189218733221,False
84,full_loss_1,84,0.03710334002971649,0.023081840947270393,0.12055501341819763,0.7028430104255676,3.90625e-05,1.4493492199108005e-06,0.04181762966844771,0.23347965213987562,0.6412561416625977,0.5119283396436082,False
85,full_loss_1,85,0.0342414528131485,0.020745430141687393,0.11334224045276642,0.6097835302352905,3.90625e-05,1.3375567505136132e-06,0.04579013884067536,0.2714441766341527,0.640075969696045,0.2263989725559691,False
86,full_loss_1,86,0.03726336359977722,0.023041250184178352,0.12168100476264954,0.6996493339538574,3.90625e-05,1.4556001406162977e-06,0.042367689311504364,0.23389600382910836,0.6385517597198487,0.6345472286548822,False
87,full_loss_1,87,0.03477483242750168,0.021964360028505325,0.11180818825960159,0.5556322932243347,3.90625e-05,1.3583918916992843e-06,0.04821225868331062,0.29334453907277847,0.6430872917175293,0.7371030877840572,False
88,full_loss_1,88,0.04273578152060509,0.02669081650674343,0.13848274946212769,1.0858441591262817,3.90625e-05,1.6693664656486363e-06,0.04026971525616116,0.2591828886005614,0.6405411720275879,0.8130837165129563,False
89,full_loss_1,89,0.043123647570610046,0.026472343131899834,0.14128851890563965,0.8132157921791077,3.90625e-05,1.684517483226955e-06,0.038029287258783975,0.22413118680318198,0.6323007106781006,-0.6709885000536259,False
90,full_loss_1,90,0.03348113223910332,0.020960617810487747,0.10851819813251495,0.6261100172996521,1.953125e-05,6.539283640449866e-07,0.03500620192951626,0.24798360963662466,0.6344191074371338,-0.5185686114131925,False
91,full_loss_1,91,0.04942900687456131,0.03033125214278698,0.1633480191230774,0.7640674114227295,1.953125e-05,9.654102905187757e-07,0.038676098982493086,0.2753904014825821,0.6364739418029786,-0.44139097849194625,False
92,full_loss_1,92,0.03667205572128296,0.02322734147310257,0.11754796653985977,0.6042466759681702,1.953125e-05,7.162510883063078e-07,0.04981714089711507,0.25488753782378304,0.6287805557250976,0.7347384020364437,False
93,full_loss_1,93,0.0361897349357605,0.02236315794289112,0.11861954629421234,0.6425780057907104,1.953125e-05,7.068307604640722e-07,0.054475424024793835,0.318220564060741,0.6358407020568848,0.3242556007769215,False
94,full_loss_1,94,0.03512430936098099,0.021480565890669823,0.11539572477340698,0.5741963982582092,1.953125e-05,6.8602166720666e-07,0.040421159234311846,0.27223945988549125,0.6380538940429688,0.7918274581517598,False
95,full_loss_1,95,0.049646053463220596,0.029983123764395714,0.1659853309392929,0.7174623608589172,1.953125e-05,9.696494817035274e-07,0.04959074258804321,0.3161306000418133,0.6394304275512696,-0.1009029436624883,False
96,full_loss_1,96,0.03918789327144623,0.024519605562090874,0.12710313498973846,0.5230194330215454,1.953125e-05,7.653885404579341e-07,0.059686997532844545,0.30233656201097703,0.640704345703125,0.5882225901006531,False
97,full_loss_1,97,0.04043746367096901,0.02524852193892002,0.13146595656871796,0.6850547790527344,1.953125e-05,7.897942123236135e-07,0.040988793969154357,0.29876292910840774,0.6391167163848877,0.930022259013198,False
98,full_loss_1,98,0.043754346668720245,0.027329465374350548,0.14222478866577148,0.6580366492271423,1.953125e-05,8.545770833734423e-07,0.053194880816671584,0.30617891252040863,0.6403343200683593,0.5537612796993723,False
99,full_loss_1,99,0.040516115725040436,0.02602907083928585,0.1287369579076767,0.5858767628669739,1.953125e-05,7.91330385254696e-07,0.049286285705036584,0.2917329751782947,0.6466711044311524,0.23946143853356774,False
100,full_loss_1,100,0.04349450021982193,0.02748785726726055,0.14008070528507233,0.6272324323654175,9.765625e-06,4.2475097870919855e-07,0.04022474603520499,0.25284851094086963,0.6322246551513672,0.2769528312421925,False
101,full_loss_2,1,0.03102378360927105,0.02000282146036625,0.09826988726854324,0.7282586693763733,9.765625e-06,3.029666368092876e-07,0.0469736279712783,0.29539569053384995,0.6377196311950684,0.7609651981875718,False
102,full_loss_2,2,0.028702035546302795,0.01861358992755413,0.09024660289287567,0.732306182384491,9.765625e-06,2.8029331588186324e-07,0.043443368872006734,0.2739058766100142,0.6382719993591308,0.396457020358764,False
103,full_loss_2,3,0.025718552991747856,0.016859592869877815,0.08017658442258835,0.7397966384887695,9.765625e-06,2.5115774406003764e-07,0.04344231122069889,0.2714109420776367,0.6401776313781739,0.7074196923014913,False
104,full_loss_2,4,0.030336815863847733,0.019083455204963684,0.09738755226135254,0.8435719609260559,9.765625e-06,2.9625796742038803e-07,0.06561561557981703,0.3993303957912657,0.6414951324462891,0.9484109665874856,False
105,full_loss_2,5,0.031482379883527756,0.01991811767220497,0.10099729895591736,0.9819519519805908,9.765625e-06,3.074451160500757e-07,0.04465425709883372,0.27649034394158256,0.6465341567993164,0.35225175745719883,False
106,full_loss_2,6,0.03193901479244232,0.020540356636047363,0.10142524540424347,0.6915938854217529,9.765625e-06,3.1190444133244455e-07,0.03908581501907772,0.23090888559818268,0.6390620708465576,0.5204665281354017,False
107,full_loss_2,7,0.03045000322163105,0.019734598696231842,0.09544762223958969,0.8645467758178711,9.765625e-06,2.973633127112407e-07,0.04753069877624512,0.29946966138150954,0.6359462261199951,-0.13677203603016222,False
108,full_loss_2,8,0.02629617415368557,0.0169802438467741,0.0819263830780983,0.7456856369972229,9.765625e-06,2.5679857571958566e-07,0.046179797583156164,0.27549098763200974,0.6342890739440918,-0.010729669047694044,False
109,full_loss_2,9,0.0305849090218544,0.019861852750182152,0.09575857222080231,0.8379405736923218,9.765625e-06,2.986807521665469e-07,0.043046924802992076,0.2921733756860097,0.6376043319702148,0.5716484975381001,False
110,full_loss_2,10,0.02805105783045292,0.01803950034081936,0.08809762448072433,0.8230271935462952,4.8828125e-06,1.369680558127584e-07,0.03708131445778741,0.24302735262446934,0.6311984062194824,-0.6980627004494779,False
111,full_loss_2,11,0.02997754141688347,0.019209854304790497,0.09470125287771225,0.727384626865387,4.8828125e-06,1.4637471394962632e-07,0.03867425156964196,0.27192432681719464,0.6334937572479248,0.06318122879292566,False
112,full_loss_2,12,0.03136248141527176,0.020015960559248924,0.09986243396997452,0.7897170782089233,4.8828125e-06,1.5313711628550664e-07,0.03864308860566881,0.24991443587674034,0.6377068519592285,0.41938934503975267,False
113,full_loss_2,13,0.031690724194049835,0.02009744383394718,0.10131250321865082,0.8390473127365112,4.8828125e-06,1.5473986422875896e-07,0.05129682355456882,0.27570168673992157,0.6300116539001465,0.8044326365131015,False
114,full_loss_2,14,0.04081546887755394,0.026023507118225098,0.1322363317012787,0.7895551323890686,4.8828125e-06,1.9929428162868135e-07,0.04089634070793788,0.2304216424624125,0.6324101448059082,0.8730697885145795,False
115,full_loss_2,15,0.033699940890073776,0.021714437752962112,0.10667145997285843,0.8184165954589844,4.8828125e-06,1.6455049262731335e-07,0.03874742752975888,0.24505583776368034,0.6330810546875,0.27322411272881925,False
116,full_loss_2,16,0.02967935986816883,0.019110823050141335,0.09330445528030396,0.8687828779220581,4.8828125e-06,1.4491874935629312e-07,0.03788992630110847,0.28740112980206806,0.6351817607879638,0.7817481898664675,False
117,full_loss_2,17,0.03777807578444481,0.024202123284339905,0.12001895904541016,0.9136999249458313,4.8828125e-06,1.8446326066623442e-07,0.05000466273890601,0.3266230937507417,0.634453535079956,0.24826176575477585,False
118,full_loss_2,18,0.0304145198315382,0.019552184268832207,0.09599888324737549,0.9543980956077576,4.8828125e-06,1.485083976149326e-07,0.04155284845166736,0.27037173840734696,0.6391241550445557,0.041174356535699216,False
119,full_loss_2,19,0.031187957152724266,0.020382080227136612,0.09661035239696503,0.8155834078788757,4.8828125e-06,1.5228494703478646e-07,0.04566145539283752,0.3171023858918084,0.6385567665100098,0.5045465981748598,False
120,full_loss_2,20,0.02811576798558235,0.018321560695767403,0.08730494230985641,0.8186640739440918,2.44140625e-06,6.864201168355067e-08,0.05606095492839813,0.28786100778314805,0.6342915534973145,0.9072661354996575,False
121,full_loss_2,21,0.0346253365278244,0.02218199335038662,0.10976723581552505,0.8972709774971008,2.44140625e-06,8.45345130073838e-08,0.05440325207180447,0.33130881355868447,0.6325365543365479,0.9239268133100235,False
122,full_loss_2,22,0.034995030611753464,0.0223552193492651,0.11126226931810379,0.8420920968055725,2.44140625e-06,8.543708645447624e-08,0.04852721624904209,0.2681704858938853,0.6319751739501953,-0.5744761756949177,False
123,full_loss_2,23,0.035458050668239594,0.022861488163471222,0.11163319647312164,0.7850779891014099,2.44140625e-06,8.656750651425682e-08,0.04778127008014255,0.2882144682937198,0.638601541519165,-0.2533386212594406,False
124,full_loss_2,24,0.03275340422987938,0.021396638825535774,0.10241056233644485,0.867465615272522,2.44140625e-06,7.996436579560395e-08,0.04731524719132318,0.2642400993241204,0.6363051891326904,0.9235683772307096,False
125,full_loss_2,25,0.039606377482414246,0.02570687234401703,0.12498407810926437,0.7731932997703552,2.44140625e-06,9.66952575254254e-08,0.03291778879033195,0.21761782632933724,0.6386204719543457,0.8594532051367496,False
126,full_loss_2,26,0.030090970918536186,0.02010851353406906,0.09144546836614609,0.8515498638153076,2.44140625e-06,7.346428446908249e-08,0.03895691103405423,0.22887543506092495,0.6349800109863282,0.7976836951761537,False
127,full_loss_2,27,0.03076854906976223,0.020433180034160614,0.09457756578922272,0.7688689231872559,2.44140625e-06,7.51185280023492e-08,0.04378252956602308,0.25755243334505296,0.6331572532653809,0.22741625252326653,False
128,full_loss_2,28,0.02963143028318882,0.019390445202589035,0.09175421297550201,0.8336153626441956,2.44140625e-06,7.234235908981645e-08,0.05268209543493059,0.30307094752788544,0.6319210529327393,-0.5604010974781644,False
129,full_loss_2,29,0.03638049587607384,0.02365773916244507,0.11379364132881165,0.8797370195388794,2.44140625e-06,8.88195700099459e-08,0.04931970851288901,0.2858789910872777,0.6296120166778565,0.8899867364214676,False
130,full_loss_2,30,0.03536953404545784,0.022928912192583084,0.11094293743371964,0.8654325008392334,1.220703125e-06,4.3175700739084275e-08,0.045602443483140735,0.29597682423061794,0.6299943923950195,0.22659347402209584,False
131,full_loss_2,31,0.03459117189049721,0.022603312507271767,0.10763475298881531,0.8422890901565552,1.220703125e-06,4.22255516241421e-08,0.042048810256852046,0.28901707298225826,0.6370644092559814,0.7861859757632952,False
132,full_loss_2,32,0.035208795219659805,0.023255841806530952,0.10873973369598389,0.7546816468238831,1.220703125e-06,4.2979486352123785e-08,0.046003422803348966,0.2568512906630834,0.6336987018585205,0.7070196444615031,False
133,full_loss_2,33,0.04057793691754341,0.026360932737588882,0.12719130516052246,0.8782876133918762,1.220703125e-06,4.953361440129811e-08,0.04042701986100938,0.3079620814985699,0.6397696971893311,0.5949037872867624,False
134,full_loss_2,34,0.047202497720718384,0.029961319640278816,0.15164917707443237,0.8743652105331421,1.220703125e-06,5.762023647548631e-08,0.05158802403344048,0.3299279759327571,0.6349040985107421,-0.18006476588997836,False
135,full_loss_2,35,0.039486464112997055,0.025674348697066307,0.12363843619823456,0.8870777487754822,1.220703125e-06,4.820125013793586e-08,0.0389020605219735,0.2553278058767319,0.6340085983276367,0.33715979883639047,False
136,full_loss_2,36,0.03664722293615341,0.024054812267422676,0.1136079728603363,0.710791826248169,1.220703125e-06,4.4735379560734145e-08,0.04112847910987006,0.295724019408226,0.6356171131134033,0.3651594395403001,False
137,full_loss_2,37,0.0371379628777504,0.024306200444698334,0.11607619374990463,0.8058826327323914,1.220703125e-06,4.5334427341003905e-08,0.04966758721404606,0.2621726426813338,0.6315622329711914,0.8242387629466059,False
138,full_loss_2,38,0.0341046079993248,0.022443998605012894,0.10648401826620102,0.8268675804138184,1.220703125e-06,4.163160156167578e-08,0.03921582102775574,0.2790535307592816,0.6375314712524414,0.7673852957978546,False
139,full_loss_2,39,0.03755616396665573,0.02445668913424015,0.1179220974445343,0.8436370491981506,1.220703125e-06,4.5844926717109046e-08,0.04690265423721737,0.3091588450802697,0.6326080322265625,0.623602648542002,False
140,full_loss_2,40,0.03562483564019203,0.022743074223399162,0.11254771053791046,0.8679810762405396,6.103515625e-07,2.1743674096796895e-08,0.03962128824657864,0.2754553274975883,0.6312335014343262,0.4581537387311017,False
141,full_loss_2,41,0.03756169229745865,0.023761743679642677,0.119656041264534,0.9079212546348572,6.103515625e-07,2.2925837583898103e-08,0.04217805862426758,0.2752167383829753,0.6314668178558349,0.8225119212458304,False
142,full_loss_2,42,0.04470198601484299,0.028835423290729523,0.1421266496181488,0.9601942896842957,6.103515625e-07,2.7283927011012564e-08,0.043222441772619885,0.24787248174349466,0.6337815761566162,0.6271202402727339,False
143,full_loss_2,43,0.042114242911338806,0.027035240083932877,0.13369663059711456,0.9528930187225342,6.103515625e-07,2.570449396444019e-08,0.04704454590876897,0.2542802227867974,0.6413514137268066,0.3509332587216134,False
144,full_loss_2,44,0.039432868361473083,0.025768592953681946,0.1231880635023117,0.9134594202041626,6.103515625e-07,2.4067912818281912e-08,0.05060265362262726,0.28281113008658093,0.6366155624389649,0.7704816312543066,False
145,full_loss_2,45,0.03405560180544853,0.022233355790376663,0.10593206435441971,0.8326228260993958,6.103515625e-07,2.0785889773833332e-08,0.04610797448290719,0.26682291593816543,0.6339485168457031,-0.09567206761880162,False
146,full_loss_2,46,0.05482856184244156,0.03471285477280617,0.1759788990020752,1.0010262727737427,6.103515625e-07,3.346469839016209e-08,0.04646840790907542,0.2699330631229613,0.6346599578857421,0.8486604545218712,False
147,full_loss_2,47,0.042354684323072433,0.027549704536795616,0.13291317224502563,1.005300760269165,6.103515625e-07,2.5851247755781516e-08,0.04059735536575317,0.260218557384279,0.6341813087463379,-0.23294397101385256,False
148,full_loss_2,48,0.03893603757023811,0.025820709764957428,0.12003301084041595,0.8685615062713623,6.103515625e-07,2.3764671368553537e-08,0.049717092845175004,0.29832757347159916,0.6371301651000977,-0.02674831635790696,False
149,full_loss_2,49,0.043391019105911255,0.028820842504501343,0.13390013575553894,0.8461627960205078,6.103515625e-07,2.648377630976029e-08,0.04990998109181722,0.30678992635673946,0.6406668186187744,0.9182781950315967,False
150,full_loss_2,50,0.03548874706029892,0.023757560178637505,0.1081356406211853,0.819826602935791,3.0517578125e-07,1.0830306109710364e-08,0.04432754053009881,0.2611589812570148,0.6372561931610108,0.09866373549714717,False
151,full_loss_2,51,0.037946343421936035,0.024699652567505836,0.11845586448907852,0.7990809082984924,3.0517578125e-07,1.1580304999370128e-08,0.055973364909489946,0.31452403797043693,0.6304717063903809,-0.5021512060053311,False
152,full_loss_2,52,0.03707330301403999,0.024799516424536705,0.11340166628360748,0.8579306602478027,3.0517578125e-07,1.1313874210827635e-08,0.04248355593946245,0.2723211877875858,0.6328264236450195,0.6439326432381011,False
153,full_loss_2,53,0.03434314951300621,0.022487280890345573,0.10594393312931061,0.843509316444397,3.0517578125e-07,1.0480697483217228e-08,0.05624307609266705,0.28830837044450974,0.6309108734130859,0.0025078944732375695,False
154,full_loss_2,54,0.037136491388082504,0.02462075464427471,0.1144416332244873,0.7794414162635803,3.0517578125e-07,1.1333157772241976e-08,0.0425224772757954,0.26904742254151237,0.6334092140197753,-0.755593534792187,False
155,full_loss_2,55,0.043924275785684586,0.029255719855427742,0.1359088122844696,0.9144188761711121,3.0517578125e-07,1.3404625178736751e-08,0.05675586826271481,0.3517663578192393,0.6301165580749511,0.8624880431282613,False
156,full_loss_2,56,0.0468503013253212,0.03063427470624447,0.14615999162197113,1.0156052112579346,3.0517578125e-07,1.4297577308752808e-08,0.05077718396981557,0.29711832602818805,0.6252204895019531,-0.6740956241581925,False
157,full_loss_2,57,0.037340521812438965,0.024523228406906128,0.11555765569210052,1.0091065168380737,3.0517578125e-07,1.1395422916393727e-08,0.05276397566000621,0.27683646314673954,0.629758358001709,-0.8618734423434957,False
158,full_loss_2,58,0.03692852333188057,0.02459648624062538,0.11325617134571075,0.8437694311141968,3.0517578125e-07,1.1269690958215506e-08,0.04407936880985896,0.27471325629287296,0.6302121162414551,-0.42619330577241854,False
159,full_loss_2,59,0.03804836422204971,0.025412345305085182,0.11648107320070267,0.8837537169456482,3.0517578125e-07,1.161143927674857e-08,0.03534514688783222,0.2531592746575673,0.6299230575561523,-0.7125758706056599,False
160,full_loss_2,60,0.049492139369249344,0.032372280955314636,0.1547585129737854,0.6930930018424988,1.52587890625e-07,7.551901148872276e-09,0.040166011452674864,0.24164599842495388,0.6342105865478516,0.7591646926107295,False
161,full_loss_2,61,0.05619809031486511,0.036579255014657974,0.17706066370010376,0.8033261299133301,1.52587890625e-07,8.57514805829851e-09,0.041742183433638676,0.27517742580837673,0.6330246448516845,0.7770493351959176,False
162,full_loss_2,62,0.04167218878865242,0.02734535001218319,0.1301247775554657,0.7668700814247131,1.52587890625e-07,6.358671384987247e-09,0.0363307836982939,0.23844441440370348,0.6329316616058349,0.9360793308298097,False
163,full_loss_2,63,0.04368538409471512,0.028702914714813232,0.1356009840965271,0.7489348649978638,1.52587890625e-07,6.665860610155505e-09,0.03402257627911038,0.2476334439383613,0.6335191249847412,0.7996527254400602,False
164,full_loss_2,64,0.04251502454280853,0.028560945764183998,0.12959587574005127,0.8219859600067139,1.52587890625e-07,6.4872779148572595e-09,0.042120043767823113,0.24756500952773625,0.6343003273010254,0.5176412512110219,False
165,full_loss_2,65,0.03830233961343765,0.02533249743282795,0.11817953735589981,0.8129239678382874,1.52587890625e-07,5.844473207616829e-09,0.04919830792480045,0.2926023056109746,0.6326212882995605,0.9212385932572172,False
166,full_loss_2,66,0.04191893711686134,0.028077196329832077,0.12771260738372803,0.7566812038421631,1.52587890625e-07,6.396322191903892e-09,0.04037691702445348,0.25941795276270974,0.6283422470092773,-0.26346800328504294,False
167,full_loss_2,67,0.04565999656915665,0.029531391337513924,0.14454863965511322,0.8268774151802063,1.52587890625e-07,6.967162562432349e-09,0.03924392362435659,0.2747831708855099,0.6318764686584473,0.6875694095834659,False
168,full_loss_2,68,0.04463312402367592,0.030070416629314423,0.13566426932811737,0.8171129822731018,1.52587890625e-07,6.810474246776721e-09,0.042564462622006735,0.2844715068737666,0.6338633537292481,0.7643549967324909,False
169,full_loss_2,69,0.040109384804964066,0.026817550882697105,0.1227489709854126,0.8388850092887878,1.52587890625e-07,6.120206421655894e-09,0.04048250847392612,0.2538314279582765,0.6346818923950195,-0.30747374254722565,False
170,full_loss_2,70,0.044647008180618286,0.02921094372868538,0.1388772428035736,0.813788890838623,7.62939453125e-08,3.406296400498832e-09,0.04797792434692383,0.31651191578971016,0.6298794746398926,0.766783140253806,False
171,full_loss_2,71,0.03930526226758957,0.02587999776005745,0.12140209972858429,0.905087411403656,7.62939453125e-08,2.9987535299369486e-09,0.048128327561749354,0.3041074441538917,0.6377711296081543,0.9355624911238953,False
172,full_loss_2,72,0.040740132331848145,0.027268875390291214,0.12376363575458527,0.7655563354492188,7.62939453125e-08,3.1082254281500356e-09,0.03832597964339786,0.2598830196592543,0.6355244636535644,0.07694743349993934,False
173,full_loss_2,73,0.04473497346043587,0.029438136145472527,0.1391947865486145,0.8446657657623291,7.62939453125e-08,3.413007618746633e-09,0.04732977830701404,0.28872480822934043,0.6296836853027343,0.01758860356222603,False
174,full_loss_2,74,0.039116159081459045,0.026762958616018295,0.11714756488800049,0.826165497303009,7.62939453125e-08,2.9843261017958866e-09,0.04154268552859624,0.2703866445355945,0.6351960659027099,0.9039136923788755,False
175,full_loss_2,75,0.04696567729115486,0.031372688710689545,0.1442529708147049,0.9189218878746033,7.62939453125e-08,3.583196814815892e-09,0.048048057821061876,0.281915663017167,0.6389439582824707,0.3705092833830873,False
176,full_loss_2,76,0.04725298285484314,0.03146767616271973,0.14576302468776703,0.8116962909698486,7.62939453125e-08,3.605116489779903e-09,0.04207447568575541,0.2496565348572201,0.6288606643676757,0.061583611828862996,False
177,full_loss_2,77,0.062378570437431335,0.04135197773575783,0.19400735199451447,0.9079906940460205,7.62939453125e-08,4.759107241625316e-09,0.04710656768745846,0.28593358397483826,0.629422664642334,0.33412272626748957,False
178,full_loss_2,78,0.04120797663927078,0.027641789987683296,0.1255420595407486,0.8410757780075073,7.62939453125e-08,3.143919116155303e-09,0.03922843386729558,0.2785162544912762,0.6297253131866455,0.2596709849965197,False
179,full_loss_2,79,0.04295101761817932,0.028644097968935966,0.13128405809402466,0.8449565768241882,7.62939453125e-08,3.2769025892775974e-09,0.042947672804196674,0.2391641984383265,0.6315243721008301,0.40094955692763196,False
180,full_loss_2,80,0.05091099068522453,0.03361157700419426,0.15818136930465698,1.155850887298584,3.814697265625e-08,1.9421001695718586e-09,0.04589956899483998,0.24908271597491372,0.6388001441955566,0.7719599253230583,False
181,full_loss_2,81,0.04870045930147171,0.03245057538151741,0.1498774290084839,0.7426961064338684,3.814697265625e-08,1.8577750893200573e-09,0.032705520590146385,0.24521076513661277,0.6385906219482422,-0.1595143925069622,False
182,full_loss_2,82,0.045488402247428894,0.030884800478816032,0.1372775435447693,0.7187145352363586,3.814697265625e-08,1.735244836709171e-09,0.042325892216629454,0.29688046375910443,0.6389947414398194,0.2625015255472035,False
183,full_loss_2,83,0.04746498540043831,0.031704023480415344,0.1454526036977768,0.8192399144172668,3.814697265625e-08,1.8106455001998257e-09,0.0424273012412919,0.27631550033887226,0.6356044769287109,0.7726220562347487,False
184,full_loss_2,84,0.04515884816646576,0.030591383576393127,0.1361967921257019,0.7396624088287354,3.814697265625e-08,1.7226733461939148e-09,0.03675432238313887,0.25010448197523755,0.6311137676239014,0.702156402751478,False
185,full_loss_2,85,0.050293512642383575,0.0332387313246727,0.15485720336437225,0.9028722643852234,3.814697265625e-08,1.91854525155577e-09,0.03943363477786382,0.2931710133949916,0.6364716529846192,0.8970336017410538,False
186,full_loss_2,86,0.05553464964032173,0.037282414734363556,0.1694183051586151,0.9367349743843079,3.814697265625e-08,2.118478761303777e-09,0.0411080883608924,0.2653162197934257,0.6372442245483398,0.37214310619605967,False
187,full_loss_2,87,0.04658397659659386,0.031229451298713684,0.14190387725830078,0.973181426525116,3.814697265625e-08,1.7770376814496558e-09,0.03427124321460724,0.23054222265879312,0.6377162933349609,0.6380071677676855,False
188,full_loss_2,88,0.05346788465976715,0.03605210781097412,0.16186034679412842,1.0505785942077637,3.814697265625e-08,2.0396379341036665e-09,0.04288276930650075,0.2625675830576155,0.63760986328125,0.8926922910630447,False
189,full_loss_2,89,0.048350151628255844,0.032685816287994385,0.14659655094146729,0.865624189376831,3.814697265625e-08,1.844411912088617e-09,0.04483037773105833,0.2874920947684182,0.640226173400879,-0.17699866244939497,False
190,full_loss_2,90,0.048838142305612564,0.03335888683795929,0.14684125781059265,0.8882567882537842,1.9073486328125e-08,9.315136395571245e-10,0.036490249964925975,0.28421992394659257,0.6339860916137695,-0.5454603315947305,False
191,full_loss_2,91,0.05391157791018486,0.03667522221803665,0.16216301918029785,0.8284016847610474,1.9073486328125e-08,1.0282817441975567e-09,0.04966195589966244,0.3007512556182014,0.6349567413330078,0.7077376669917782,False
192,full_loss_2,92,0.06961974501609802,0.04616241902112961,0.21584676206111908,0.9369502663612366,1.9073486328125e-08,1.3278912547320944e-09,0.03948261241118113,0.24271327257156372,0.643613338470459,0.4540305598008037,False
193,full_loss_2,93,0.04658195376396179,0.031231053173542023,0.14211973547935486,0.8761359453201294,1.9073486328125e-08,8.884802582542761e-10,0.04704034394688077,0.2772601428959105,0.6393910408020019,0.8808150396442777,False
194,full_loss_2,94,0.05266650766134262,0.035188354551792145,0.1616549789905548,0.8538915514945984,1.9073486328125e-08,1.0045339138287092e-09,0.04507858819431729,0.2811325606372621,0.636540412902832,-0.6071238932600996,False
195,full_loss_2,95,0.049743663519620895,0.03363494947552681,0.15131235122680664,0.7831941246986389,1.9073486328125e-08,9.487850860523395e-10,0.04312154021528032,0.2757408652040694,0.6381269454956054,0.4628859792616971,False
196,full_loss_2,96,0.04979203641414642,0.03411668539047241,0.14933256804943085,0.8641325831413269,1.9073486328125e-08,9.49707725794724e-10,0.03513619303703308,0.22913176318009695,0.6378276824951172,0.8656482823973394,False
197,full_loss_2,97,0.05190442502498627,0.034786853939294815,0.15877071022987366,0.7754497528076172,1.9073486328125e-08,9.899983410832647e-10,0.038199318448702495,0.2415844202041626,0.631396484375,0.6323717816187846,False
198,full_loss_2,98,0.06482389569282532,0.04364762082695961,0.1987922489643097,0.895978569984436,1.9073486328125e-08,1.2364176882329048e-09,0.036582197745641074,0.25909444358613754,0.6315874576568603,0.6644620252271106,False
199,full_loss_2,99,0.053492482751607895,0.03547084704041481,0.16650399565696716,0.781552255153656,1.9073486328125e-08,1.0202881384202556e-09,0.03188584678702884,0.22622834477159712,0.6331392765045166,0.5522770442719938,False
200,full_loss_2,100,0.04511786252260208,0.03052164800465107,0.13650549948215485,0.8173635601997375,9.5367431640625e-09,4.3027746698953705e-10,0.041855092181099784,0.259220861726337,0.6334763526916504,0.03841224869895975,False
201,full_loss_3,1,0.05446818098425865,0.03666823357343674,0.16461658477783203,1.1447168588638306,9.5367431640625e-09,5.194490526605478e-10,0.038332510160075293,0.25900091893143123,0.637859582901001,-0.06957126470563917,False
202,full_loss_3,2,0.06244247779250145,0.04114196449518204,0.19235755503177643,1.249292254447937,9.5367431640625e-09,5.954978732347627e-10,0.03532834500074387,0.22724318669901955,0.6349738121032715,0.9559341891562644,False
203,full_loss_3,3,0.054685451090335846,0.036312080919742584,0.16670329868793488,1.1839128732681274,9.5367431640625e-09,5.215211018594346e-10,0.05378893150223626,0.3001577953497569,0.6381371021270752,0.9354033035699353,False
204,full_loss_3,4,0.06534866988658905,0.043493837118148804,0.20030923187732697,1.3051608800888062,9.5367431640625e-09,6.232134808215051e-10,0.04359997014204661,0.31520886719226837,0.6327327728271485,0.8958108173825482,False
205,full_loss_3,5,0.053769826889038086,0.03608468919992447,0.16201412677764893,1.2418323755264282,9.5367431640625e-09,5.12789029016858e-10,0.03258615765306685,0.24359277387460074,0.6352146148681641,0.7678398252508034,False
206,full_loss_3,6,0.06953296065330505,0.0459500290453434,0.21657487750053406,1.0549222230911255,9.5367431640625e-09,6.631179871874337e-10,0.04582003355026245,0.29396866261959076,0.6346365928649902,0.9149174550505643,False
207,full_loss_3,7,0.0623670294880867,0.042076002806425095,0.1891312301158905,1.1517417430877686,9.5367431640625e-09,5.947783421333952e-10,0.0461793045202891,0.26614799598852795,0.6341235160827636,0.4974146528611757,False
208,full_loss_3,8,0.055283308029174805,0.03763909265398979,0.16572114825248718,1.1518261432647705,9.5367431640625e-09,5.272227099339943e-10,0.03517632550663418,0.2399536669254303,0.6340903759002685,-0.8404382115241292,False
209,full_loss_3,9,0.06332957744598389,0.042674630880355835,0.19111590087413788,1.2507628202438354,9.5367431640625e-09,6.039579147909535e-10,0.037386403150028655,0.25294389327367145,0.6309819221496582,-0.11461474580634737,False
210,full_loss_3,10,0.055269308388233185,0.037212785333395004,0.16682763397693634,1.1449133157730103,4.76837158203125e-09,2.6354459947697253e-10,0.038554605510499745,0.23676133652528128,0.6359925270080566,0.17655952890365198,False
211,full_loss_3,11,0.06102456524968147,0.040340982377529144,0.1875220686197281,1.336168646812439,4.76837158203125e-09,2.909878027423929e-10,0.04424094176954693,0.3049559146165848,0.6331703186035156,0.7216159884821134,False
212,full_loss_3,12,0.06007105112075806,0.03998666629195213,0.18413037061691284,1.3204959630966187,4.76837158203125e-09,2.864410930669692e-10,0.04532299141089122,0.24368416766325632,0.6384819030761719,0.5862758222974244,False
213,full_loss_3,13,0.0575258694589138,0.03834672272205353,0.17590226233005524,1.1664153337478638,4.76837158203125e-09,2.74304721159524e-10,0.03378194239404467,0.22033983800146315,0.6328144073486328,-0.6940614995886485,False
214,full_loss_3,14,0.06299843639135361,0.042206261307001114,0.19032375514507294,1.1672608852386475,4.76837158203125e-09,3.003999538009339e-10,0.05325339734554291,0.2974451498852836,0.6344098567962646,0.9597138061829096,False
215,full_loss_3,15,0.05537603050470352,0.036643847823143005,0.16878017783164978,1.2023056745529175,4.76837158203125e-09,2.640534901843239e-10,0.03777170512411329,0.29132461216714645,0.6323249816894532,0.15157189182567335,False
216,full_loss_3,16,0.06106087937951088,0.04096846282482147,0.18626758456230164,1.2369877099990845,4.76837158203125e-09,2.9116096200709765e-10,0.03824115561114417,0.23769366410043505,0.6364538192749023,0.7433219963997156,False
217,full_loss_3,17,0.05848388001322746,0.038518354296684265,0.18086408078670502,1.2235106229782104,4.76837158203125e-09,2.7887287146199924e-10,0.038154892457856075,0.2369929634862476,0.635344123840332,0.45318543572874215,False
218,full_loss_3,18,0.05523133650422096,0.03693403676152229,0.1689060926437378,1.3350517749786377,4.76837158203125e-09,2.633635354243324e-10,0.03834278384844462,0.24187273614936405,0.6343213081359863,0.8725985021835856,False
219,full_loss_3,19,0.06662103533744812,0.044828370213508606,0.20249256491661072,1.2448984384536743,4.76837158203125e-09,3.176738516685873e-10,0.04087137016985151,0.263774777452151,0.6323981285095215,0.767202408246897,False
220,full_loss_3,20,0.06638203561306,0.045156072825193405,0.19926881790161133,1.1914243698120117,2.384185791015625e-09,1.5826710608735085e-10,0.04718372060192956,0.2603159315056271,0.6298662185668945,0.32665504620091407,False
221,full_loss_3,21,0.05844094976782799,0.03911228105425835,0.1785244196653366,1.2496947050094604,2.384185791015625e-09,1.3933408204991339e-10,0.03721246454450819,0.24247380594412485,0.6376053810119628,-0.7227498300146823,False
222,full_loss_3,22,0.08659030497074127,0.05794070288538933,0.26492536067962646,1.2986690998077393,2.384185791015625e-09,2.06447374750951e-10,0.04624375965860155,0.2929137150446574,0.6346163749694824,0.7517038158604527,False
223,full_loss_3,23,0.0639755055308342,0.04357325658202171,0.19139094650745392,1.1393821239471436,2.384185791015625e-09,1.5252949125965643e-10,0.03571453309721417,0.23359708156850603,0.6343271732330322,0.28241950052400616,False
224,full_loss_3,24,0.06258642673492432,0.041282590478658676,0.1925836056470871,1.0943324565887451,2.384185791015625e-09,1.49217669331847e-10,0.043165503607855905,0.2623542613453335,0.6307909488677979,0.35567768127613264,False
225,full_loss_3,25,0.06514900177717209,0.04360074922442436,0.19968199729919434,1.114393949508667,2.384185791015625e-09,1.5532732433598539e-10,0.04354240265157488,0.3274079230096605,0.6270871162414551,-0.019146096759961193,False
226,full_loss_3,26,0.0692337155342102,0.046932853758335114,0.20852334797382355,1.1473277807235718,2.384185791015625e-09,1.6506604083588172e-10,0.05529010958141751,0.2841351313723458,0.6333078384399414,0.7703926220329612,False
227,full_loss_3,27,0.07732553780078888,0.05227198824286461,0.23411759734153748,1.1845835447311401,2.384185791015625e-09,1.8435844850728245e-10,0.047366477383507626,0.2761127965317832,0.636884355545044,0.6024501491733508,False
228,full_loss_3,28,0.06188330054283142,0.04163631424307823,0.18719959259033203,1.1636885404586792,2.384185791015625e-09,1.475412858553682e-10,0.04155877646472719,0.2637981308831109,0.6352306365966797,0.7557874560780511,False
229,full_loss_3,29,0.05865324288606644,0.04005666822195053,0.17497065663337708,1.0648967027664185,2.384185791015625e-09,1.398402282859479e-10,0.032532729374037846,0.23165470361709595,0.6386871814727784,0.5669722163900079,False
230,full_loss_3,30,0.06469743698835373,0.043811533600091934,0.19509272277355194,1.12771475315094,1.1920928955078125e-09,7.712535499138085e-11,0.045818609992663066,0.2730032602945964,0.6334565162658692,0.7352053704962348,False
231,full_loss_3,31,0.06356203556060791,0.042570967227220535,0.1928664594888687,1.1227866411209106,1.1920928955078125e-09,7.577185101581563e-11,0.047612068388197155,0.3033156328731113,0.6290749549865723,0.7596363489084296,False
232,full_loss_3,32,0.061728570610284805,0.04154951870441437,0.18712440133094788,1.1485503911972046,1.1920928955078125e-09,7.358619047437287e-11,0.041724985175662574,0.2545188433594174,0.6313643455505371,0.7975793769387867,False
233,full_loss_3,33,0.060274142771959305,0.04064991697669029,0.1819954663515091,0.9918790459632874,1.1920928955078125e-09,7.185237738127626e-11,0.03519359330336253,0.2285731467935774,0.6308706283569336,-0.3366549025001185,False
234,full_loss_3,34,0.06443512439727783,0.04400024563074112,0.19246307015419006,1.1368008852005005,1.1920928955078125e-09,7.681265401515702e-11,0.03677544130219353,0.24544898172219595,0.6342453956604004,-0.1779406063288726,False
235,full_loss_3,35,0.07918089628219604,0.05383070930838585,0.23865510523319244,1.0983027219772339,1.1920928955078125e-09,9.439098391794687e-11,0.04664157364103529,0.350926301545567,0.6346450805664062,0.49226839305871606,False
236,full_loss_3,36,0.05985039100050926,0.04068683832883835,0.17976990342140198,1.078788161277771,1.1920928955078125e-09,7.134722590507182e-11,0.03943363693025377,0.23928803039921653,0.6290916442871094,0.8639441840474602,False
237,full_loss_3,37,0.06488005071878433,0.044294025748968124,0.1940048635005951,1.047927975654602,1.1920928955078125e-09,7.734304752204935e-11,0.043360418412420484,0.2974375370475981,0.6340292453765869,0.026549231210935678,False
238,full_loss_3,38,0.0638858750462532,0.044406093657016754,0.18800856173038483,1.0191792249679565,1.1920928955078125e-09,7.615789776593829e-11,0.04969759335120519,0.34700770179430646,0.6363038539886474,0.06749122282579458,False
239,full_loss_3,39,0.06692680716514587,0.04701980948448181,0.19551315903663635,1.1054140329360962,1.1920928955078125e-09,7.978297134059176e-11,0.038037933243645565,0.2583083560069402,0.6384316444396972,-0.056260291155010377,False
240,full_loss_3,40,0.07550164312124252,0.05159713700413704,0.22576375305652618,1.1358693838119507,5.960464477539063e-10,4.5002486181999755e-11,0.050249202383889094,0.25746675829092663,0.6300183773040772,0.8195977702882793,False
241,full_loss_3,41,0.07052024453878403,0.04804055020213127,0.2127790004014969,1.0879530906677246,5.960464477539063e-10,4.2033341252079025e-11,0.03916930059591929,0.23383471535311806,0.6347495555877686,0.4550826462792355,False
242,full_loss_3,42,0.0656844973564148,0.044884417206048965,0.1959391087293625,1.096571922302246,5.960464477539063e-10,3.9151011321791887e-11,0.03520427644252777,0.2397376447916031,0.6408535003662109,-0.03238123771493586,False
243,full_loss_3,43,0.0720781683921814,0.04908820986747742,0.21647930145263672,1.0942953824996948,5.960464477539063e-10,4.296193623076761e-11,0.0466255525747935,0.26374583111868966,0.6321281433105469,0.7696205452152054,False
244,full_loss_3,44,0.07058686763048172,0.04836108162999153,0.209569051861763,1.0510203838348389,5.960464477539063e-10,4.207305170922382e-11,0.034467245969507426,0.2400041785505083,0.6348418235778809,0.45390345857051073,False
245,full_loss_3,45,0.0687679871916771,0.04698743671178818,0.2059939205646515,1.0670303106307983,5.960464477539063e-10,4.0988914484785256e-11,0.0465227077404658,0.26206283768018085,0.6360853672027588,0.6760181042351342,False
246,full_loss_3,46,0.061343055218458176,0.04188127443194389,0.18403016030788422,1.0617669820785522,5.960464477539063e-10,3.656331015733372e-11,0.03868993388281928,0.24201757543616825,0.632326316833496,0.34805647203672796,False
247,full_loss_3,47,0.06985437124967575,0.04846339300274849,0.20577222108840942,1.1597411632537842,5.960464477539063e-10,4.163644984345183e-11,0.04277348518371582,0.28830627269215053,0.6306390762329102,0.721449983397148,False
248,full_loss_3,48,0.07139115035533905,0.04895754158496857,0.2146495282649994,1.0692591667175293,5.960464477539063e-10,4.2552441570364864e-11,0.050689554545614454,0.2721837908029556,0.6297399520874023,0.5501626133497624,False
249,full_loss_3,49,0.061735209077596664,0.0425289049744606,0.18387460708618164,1.0920212268829346,5.960464477539063e-10,3.67970520720462e-11,0.03789132684469223,0.23808854818344116,0.632573413848877,0.807800632141272,False
250,full_loss_3,50,0.06333422660827637,0.04360209032893181,0.18824757635593414,1.216110110282898,2.9802322387695313e-10,1.8875070395552028e-11,0.04935041169325511,0.33999793893761104,0.6307343959808349,-0.1757262386193493,False
251,full_loss_3,51,0.06799586117267609,0.04630107432603836,0.20415212213993073,1.081046462059021,2.9802322387695313e-10,2.026434575697067e-11,0.03982635570896997,0.23353585104147592,0.6325459480285645,0.8649775285294908,False
252,full_loss_3,52,0.06575020402669907,0.04516969993710518,0.19574381411075592,1.1045970916748047,2.9802322387695313e-10,1.9595087774604282e-11,0.04269879592789544,0.2608369572295083,0.6340808868408203,0.8439377156130591,False
253,full_loss_3,53,0.06272951513528824,0.04306391254067421,0.18577246367931366,1.0081366300582886,2.9802322387695313e-10,1.8694852332856727e-11,0.04235687057177226,0.26562293701701695,0.635051965713501,0.00440830878251573,False
254,full_loss_3,54,0.06612003594636917,0.04544185474514961,0.19723615050315857,1.0768678188323975,2.9802322387695313e-10,1.9705306275596967e-11,0.04214306026697159,0.25045889616012573,0.6382050514221191,0.07965753733357384,False
255,full_loss_3,55,0.06174939125776291,0.042486339807510376,0.18249914050102234,1.0338512659072876,2.9802322387695313e-10,1.840275265507785e-11,0.04308577643500434,0.25951675905121696,0.6392893314361572,0.21186630598141784,False
256,full_loss_3,56,0.06802495568990707,0.04669567942619324,0.2031821608543396,1.017988920211792,2.9802322387695313e-10,2.0273016598792993e-11,0.04070600618918737,0.25876716441578335,0.6343010425567627,0.5145705112709396,False
257,full_loss_3,57,0.07154537737369537,0.049053072929382324,0.2144974321126938,1.146899700164795,2.9802322387695313e-10,2.1322184018401913e-11,0.0505950003862381,0.3034892628590266,0.6394090175628662,0.4575906294823222,False
258,full_loss_3,58,0.0756864994764328,0.05250287428498268,0.22410224378108978,1.0986112356185913,2.9802322387695313e-10,2.2556334577927827e-11,0.037904843025737336,0.2776624742481444,0.6318174362182617,-0.4444875038056349,False
259,full_loss_3,59,0.0667443722486496,0.04613892734050751,0.1958337426185608,1.051426649093628,2.9802322387695313e-10,1.9891372993185996e-11,0.04557745357354482,0.26411789158980054,0.638798189163208,-0.17578692482985053,False
260,full_loss_3,60,0.06834010779857635,0.047050803899765015,0.202836811542511,1.0826051235198975,1.4901161193847657e-10,1.0183469623115117e-11,0.043187226520644294,0.2661389294597838,0.6346522331237793,-0.1812057009140739,False
261,full_loss_3,61,0.07297850400209427,0.05059140548110008,0.21587222814559937,1.1297177076339722,1.4901161193847657e-10,1.087464451821063e-11,0.04975765943527222,0.29063751300175983,0.6346311569213867,0.793809620445724,False
262,full_loss_3,62,0.07290169596672058,0.05025676637887955,0.21631252765655518,1.0756056308746338,1.4901161193847657e-10,1.086319922904977e-11,0.04165804303354687,0.24653978645801544,0.6324143886566163,0.781225475213127,False
263,full_loss_3,63,0.06672674417495728,0.04606910049915314,0.19699357450008392,1.0548574924468994,1.4901161193847657e-10,9.943059708916734e-12,0.03832108510865106,0.2542688134643767,0.6286887168884278,0.8933092282671915,False
264,full_loss_3,64,0.07200676947832108,0.050140123814344406,0.2120145857334137,0.9298230409622192,1.4901161193847657e-10,1.0729844790446919e-11,0.04695059027936724,0.2976383964220683,0.6318131446838379,-0.08963164864708674,False
265,full_loss_3,65,0.06872569769620895,0.04730832576751709,0.2037273645401001,1.0841355323791504,1.4901161193847657e-10,1.0240926995308542e-11,0.04198713567521837,0.26005178524388206,0.6291630268096924,0.7342029387883211,False
266,full_loss_3,66,0.08253215253353119,0.05868576467037201,0.2370849847793579,1.1094155311584473,1.4901161193847657e-10,1.2298249085773705e-11,0.04136220282978482,0.28230569263299304,0.6360716819763184,0.4270850771445018,False
267,full_loss_3,67,0.09719524532556534,0.06774155050516129,0.28693607449531555,1.1146836280822754,1.4901161193847657e-10,1.448322017871817e-11,0.04373944683207406,0.3087301519181993,0.642365837097168,0.899166036142334,False
268,full_loss_3,68,0.09151392430067062,0.06474758684635162,0.2655860185623169,1.1775943040847778,1.4901161193847657e-10,1.3636637374858652e-11,0.04134458005428314,0.2337032382686933,0.6397800445556641,0.6588032878775745,False
269,full_loss_3,69,0.07567188888788223,0.052819009870290756,0.2214837223291397,0.999591588973999,1.4901161193847657e-10,1.1275990141612624e-11,0.04311673541863759,0.25251828796333736,0.6356729507446289,-0.7305100667860661,False
270,full_loss_3,70,0.07133524864912033,0.04973400756716728,0.21007081866264343,1.1194870471954346,7.450580596923828e-11,5.314890194618727e-12,0.04233039683765835,0.31286366118325126,0.6312544345855713,-0.8926074024270809,False
271,full_loss_3,71,0.07585503906011581,0.053380198776721954,0.22140194475650787,1.151105523109436,7.450580596923828e-11,5.65164082200198e-12,0.038361449705229866,0.24238692058457267,0.6287367820739747,0.5467179628087332,False
272,full_loss_3,72,0.07513435930013657,0.05256902053952217,0.22096866369247437,0.9859470129013062,7.450580596923828e-11,5.597945995639009e-12,0.03897076298793157,0.24575475851694742,0.6413169860839844,0.8231905756054017,False
273,full_loss_3,73,0.06717521697282791,0.04676208645105362,0.19695451855659485,0.9599906206130981,7.450580596923828e-11,5.004943681718999e-12,0.03828379578060574,0.24857059121131897,0.6360303878784179,0.07672584711149427,False
274,full_loss_3,74,0.07891349494457245,0.05466760694980621,0.23332324624061584,1.0281744003295898,7.450580596923828e-11,5.879513542694781e-12,0.04259488864077462,0.247178230020735,0.6349775314331054,0.5879076571596074,False
275,full_loss_3,75,0.08312264829874039,0.05889029800891876,0.24109475314617157,0.9784213900566101,7.450580596923828e-11,6.193119905795186e-12,0.03985679414537218,0.2783561696608861,0.6357490539550781,0.7982963461304783,False
276,full_loss_3,76,0.07480227947235107,0.05242098122835159,0.21897095441818237,1.0016698837280273,7.450580596923828e-11,5.573204120423725e-12,0.038826106157567764,0.26289673646291095,0.632176685333252,-0.09226599072301202,False
277,full_loss_3,77,0.07670058310031891,0.05460919067263603,0.2214449942111969,1.1126735210418701,7.450580596923828e-11,5.714638762199797e-12,0.03799205438958274,0.2625979416900211,0.6390426635742188,-0.20570258763231888,False
278,full_loss_3,78,0.08069860935211182,0.057019732892513275,0.23459824919700623,1.0367180109024048,7.450580596923828e-11,6.0125149303758006e-12,0.04438948432604472,0.27201856672763824,0.6397194862365723,0.799537782360852,False
279,full_loss_3,79,0.0804978460073471,0.057379767298698425,0.23174406588077545,1.0041881799697876,7.450580596923828e-11,5.997556895565026e-12,0.049846954974863265,0.32335346771611106,0.6345048904418945,0.5516376252548492,False
280,full_loss_3,80,0.07285171002149582,0.05103122442960739,0.21269120275974274,0.9699108600616455,3.725290298461914e-11,2.71393768569439e-12,0.0401452898979187,0.2561410218477249,0.6381044387817383,0.859690655512126,False
281,full_loss_3,81,0.07282347232103348,0.05130481719970703,0.2119741439819336,1.028456687927246,3.725290298461914e-11,2.7128857493785573e-12,0.03816158043013679,0.24079752299520704,0.6364076614379883,0.4180494837124598,False
282,full_loss_3,82,0.08311338722705841,0.059204716235399246,0.23769812285900116,1.1200411319732666,3.725290298461914e-11,3.096214951092691e-12,0.04099001917574141,0.26211091379324597,0.6376683235168457,0.8500007562176918,False
283,full_loss_3,83,0.08003942668437958,0.05795138329267502,0.22628523409366608,1.028073787689209,3.725290298461914e-11,2.981700997217729e-12,0.03700194689962599,0.26313013831774396,0.6354995727539062,0.735821852666548,False
284,full_loss_3,84,0.0859936997294426,0.06209774315357208,0.24444493651390076,1.1058931350708008,3.725290298461914e-11,3.2035149533093945e-12,0.04405748082531823,0.2943691594733132,0.6365224361419678,-0.2872046389725533,False
285,full_loss_3,85,0.07215414196252823,0.050935547798871994,0.20912158489227295,1.0701795816421509,3.725290298461914e-11,2.6879512504685013e-12,0.04506705866919623,0.3142792698409822,0.6399602890014648,0.8852691260419032,False
286,full_loss_3,86,0.07257845997810364,0.05133393406867981,0.20994512736797333,1.0824105739593506,3.725290298461914e-11,2.703758328337358e-12,0.050916506846745806,0.31531721850236255,0.6290008544921875,0.8604463755118835,False
287,full_loss_3,87,0.07859843224287033,0.054917629808187485,0.2314116656780243,1.0056339502334595,3.725290298461914e-11,2.9280197710868094e-12,0.03802537090248532,0.2330637259615792,0.6325496673583985,0.054620603485696605,False
288,full_loss_3,88,0.07713907957077026,0.054099440574645996,0.22694936394691467,1.025891900062561,3.725290298461914e-11,2.873654647572721e-12,0.038730934262275696,0.24769673744837442,0.6326547622680664,0.21666598473110044,False
289,full_loss_3,89,0.09275297820568085,0.06612253934144974,0.26837486028671265,0.9975573420524597,3.725290298461914e-11,3.455317698630722e-12,0.04120367599858178,0.3457224832640754,0.6329599857330322,0.687589486137151,False
290,full_loss_3,90,0.08707376569509506,0.06188344210386276,0.2524574100971222,1.0183621644973755,1.862645149230957e-11,1.6218752729724174e-12,0.054694448245896234,0.31391361190213096,0.6416413307189941,0.7720425591451215,False
291,full_loss_3,91,0.07639288902282715,0.05446532368659973,0.22129100561141968,1.0203917026519775,1.862645149230957e-11,1.4229284417410782e-12,0.04707366509570016,0.27558863990836674,0.6356482982635498,0.6679224825730847,False
292,full_loss_3,92,0.0762835219502449,0.05424938350915909,0.22069339454174042,1.0766013860702515,1.862645149230957e-11,1.4208913212687692e-12,0.041766668359438576,0.27040839857525295,0.6356850624084472,0.8584911385258109,False
293,full_loss_3,93,0.0742545947432518,0.0527048222720623,0.21530570089817047,1.0390740633010864,1.862645149230957e-11,1.383099607066285e-12,0.045679911971092224,0.26295558280415005,0.6398958206176758,0.6784654717905703,False
294,full_loss_3,94,0.06812454760074615,0.04720703139901161,0.20147989690303802,1.0266562700271606,1.862645149230957e-11,1.2689185813208326e-12,0.04141385157903035,0.2685578448904885,0.6376663208007812,0.2933789937384596,False
295,full_loss_3,95,0.07387176901102066,0.05250493437051773,0.21304616332054138,0.9873643517494202,1.862645149230957e-11,1.3759689221348738e-12,0.043769499990675184,0.2753339343600803,0.6337171077728272,0.6906853529551885,False
296,full_loss_3,96,0.07898186892271042,0.05616779997944832,0.22864770889282227,0.9776928424835205,1.862645149230957e-11,1.4711519502608183e-12,0.03732925835582945,0.2628206080860562,0.6377492427825928,-0.28750945512340054,False
297,full_loss_3,97,0.09403297305107117,0.06769294291734695,0.2693583369255066,1.034806489944458,1.862645149230957e-11,1.7515006112134301e-12,0.05058877633677589,0.2786908894777298,0.632861852645874,-0.5349053697752387,False
298,full_loss_3,98,0.0911204069852829,0.06529221683740616,0.26028090715408325,1.0004324913024902,1.862645149230957e-11,1.6972498406708781e-12,0.04386526478661431,0.2565404093927807,0.6394137382507324,0.29186707557823793,False
299,full_loss_3,99,0.07609584182500839,0.05501074716448784,0.2162783145904541,0.9674491882324219,1.862645149230957e-11,1.4173955065199806e-12,0.040406915545463565,0.2621215167972777,0.6371055603027344,0.6691858601342248,False
300,full_loss_3,100,0.07937130331993103,0.056583091616630554,0.22923801839351654,0.9072302579879761,9.313225746154785e-12,7.392028655850424e-13,0.04285479717784458,0.30688074893421596,0.6321833610534668,0.19022039574121213,False
